Theta: 30.0000
M: 0.03000
X: 55.0000
L1 Score: 0.00000316
